4.04
3.91
4.06
3.99
4.03
4.15
3.93
4.02
4.49
3.10
3.93
4.04
3.86
3.88
4.22
3.83
4.22
4.00
4.00
4.44
3.97
4.43
4.06
4.08
3.99
3.98
4.02
4.88
4.27
3.98
3.96
3.84
3.95
4.15
4.00
3.95
4.01
4.08
3.95
3.93
4.09
3.88
4.19
3.98
3.89
3.89
4.32
3.90
4.15
3.84
4.02
4.06
3.96
3.85
3.96
3.90
4.42
4.01
4.04
3.94
3.90
4.00
3.89
4.02
3.89
4.02
3.91
3.95
3.91
3.93
3.98
3.93
3.95
3.94
3.95
3.94
4.15
3.95
3.89
4.13
4.42
4.03
3.99
3.88
4.01
4.18
4.22
3.90
3.94
3.89
4.26
3.94
3.91
3.91
4.01
4.04
3.91
3.98
3.97
3.87



