6.19
4.79
4.68
4.62
4.75
4.76
4.82
4.83
4.75
4.73
4.75
4.76
4.73
4.73
4.79
4.78
4.90
4.72
4.70
4.76
4.65
4.70
4.83
4.78
4.94
4.95
4.71
4.72
4.70
4.80
4.65
4.64
4.78
5.43
4.65
4.74
4.81
4.74
4.98
4.70
4.71
4.70
4.83
4.67
4.82
4.71
4.89
4.94
4.77
4.73
4.67
4.77
5.13
4.96
4.83
4.95
4.78
4.72
5.05
4.79
4.75
4.60
4.78
4.78
4.86
4.87
4.73
4.83
4.79
4.76
4.68
4.67
4.77
4.80
4.82
4.66
4.83
5.04
4.69
4.72
4.73
4.69
5.40
4.85
4.94
4.72
4.83
4.66
4.74
4.75
4.62
4.68
4.72
4.79
4.72
5.45
4.73
4.72
5.01
5.33
