74.4
72.2
71.5
71.6
71.6
71.4
71.7
72.1
71.6
71.5
71.7
71.5
71.7
71.6
71.6
71.4
71.6
72.6
71.6
71.7
71.5
71.10
71.5
71.6
71.8
71.7
71.6
71.7
71.5
71.5
71.5
71.5
71.5
71.4
71.6
71.6
78.8
71.6
72.1
71.6
71.5
71.5
71.10
71.6
71.6
71.5
71.7
71.7
71.4
71.6
71.6
71.6
71.6
71.10
71.5
71.6
71.6
71.9
71.6
71.7
71.4
71.9
71.6
71.6
71.5
71.8
71.5
71.7
71.5
71.6
71.5
71.4
72.0
71.6
71.5
71.6
71.7
71.5
71.5
71.7
71.4
71.6
71.5
71.5
71.9
71.6
71.6
71.6
71.6
71.7
71.6
71.7
71.7
71.6
71.6
71.6
71.6
71.5
71.5
71.7


